5.754999999999999893e+00 -5.775000000000000355e+00 -3.751999999999999780e+00
5.235000000000000320e+00 -6.421999999999999709e+00 -2.314999999999999947e+00
6.107999999999999652e+00 -7.394000000000000128e+00 -1.288999999999999924e+00
6.671000000000000263e+00 -8.753999999999999559e+00 -8.679999999999999938e-01
7.533000000000000362e+00 -9.992000000000000881e+00 -1.070999999999999952e+00
6.793000000000000149e+00 -1.127599999999999980e+01 -9.300000000000000488e-01
6.145999999999999908e+00 -1.260800000000000054e+01 -8.209999999999999520e-01
6.258000000000000007e+00 -1.425200000000000067e+01 -9.849999999999999867e-01
7.397999999999999687e+00 -1.525300000000000011e+01 -2.919999999999999818e-01
6.626000000000000334e+00 -1.651899999999999835e+01 -1.044000000000000039e+00
7.123999999999999666e+00 -1.760900000000000176e+01 -2.192000000000000171e+00
6.650999999999999801e+00 -1.910600000000000165e+01 -2.229999999999999982e+00
6.892999999999999794e+00 -2.062699999999999889e+01 -1.915000000000000036e+00
8.160000000000000142e+00 -2.114000000000000057e+01 -1.098000000000000087e+00
8.615999999999999659e+00 -2.241600000000000037e+01 -2.620000000000000107e-01
9.571999999999999176e+00 -2.365399999999999991e+01 1.549999999999999989e-01
9.553356006025381930e+00 -2.524804248690488961e+01 -8.045111030981133560e-02
